Cosmic Watch Muon Detector
Device ID: Kingswood College A
Firmware version: 2.3.2
Compiled: Aug 10 2019 at 18:06:55
Official website: http://cosmicwatch.lns.mit.edu/
This firmware can be found at: https://github.com/jgOhYeah/NonOfficial-StuffForCosmicWatchMuonDetectors

Master
Count Time_Stamp_ms Measured_ADC_0-1023 SIPM_Voltage_mV Dead_Time_ms Temperature_C
1 170 99 21.9 52 22.2
2 5139 127 24.2 231 22.2
3 5504 70 18.9 299 22.2
4 6119 255 44.0 323 22.2
5 8398 140 25.4 464 22.2
6 9763 120 23.6 532 22.2
7 11116 399 87.3 608 22.2
8 12556 192 32.7 712 22.2
9 12882 240 41.2 736 22.3
10 13164 391 82.4 760 21.5
11 15495 112 22.9 867 22.2
12 15710 236 40.4 937 22.2
13 16145 57 16.9 961 22.2
14 16257 135 24.9 985 22.2
15 16342 51 15.9 1009 22.2
16 16537 366 72.4 1033 22.2
17 16622 60 17.4 1057 22.2
18 17452 51 15.9 1127 22.2
19 19524 161 27.9 1234 22.2
20 20789 54 16.4 1305 22.2
21 21775 207 35.3 1375 22.2
22 22881 96 21.7 1445 22.2
23 23717 92 21.3 1515 22.2
24 25701 127 24.2 1622 22.2
25 27665 94 21.5 1736 22.2
26 28400 80 20.1 1806 22.2
27 29036 158 27.5 1830 22.2
28 31691 51 15.9 1998 22.2
29 33589 63 17.9 2108 22.2
30 34498 67 18.5 2182 22.2
31 35516 120 23.6 2252 22.2
32 36850 103 22.2 2322 22.2
33 37370 110 22.8 2346 22.2
34 38575 344 64.7 2416 22.2
35 42898 111 22.9 2635 22.2
36 44278 271 46.9 2705 22.2
37 44312 102 22.2 2729 22.2
38 44735 62 17.8 2753 22.2
39 47233 135 24.9 2897 22.2
40 47800 707 321 2921 21.1
41 49657 79 20.0 3036 22.2
42 49922 179 30.6 3060 22.2
43 54886 71 19.1 3286 22.2
44 56205 67 18.5 3356 22.2
45 59708 352 66.9 3537 22.2
46 60545 275 47.7 3607 22.2
47 61707 64 18.1 3677 22.2
48 61944 126 24.1 3700 22.2
49 61994 211 36.0 3724 22.2
50 65936 263 45.4 3904 22.2
51 66838 127 24.2 3974 22.2
52 68147 224 38.3 4044 22.0
53 69086 115 23.2 4114 22.2
54 69413 99 21.9 4138 22.2
55 70578 211 36.0 4208 22.2
56 72931 263 45.4 4315 22.2
57 75764 207 35.3 4458 22.2
58 76318 408 90.6 4528 22.0
59 80707 177 30.3 4709 22.2
60 81569 103 22.2 4779 22.2
61 84515 204 34.7 4929 22.2
62 85273 67 18.5 4953 22.2
63 86847 224 38.3 5060 22.2
64 88132 65 18.2 5130 22.2
65 89607 73 19.3 5200 22.2
66 94477 115 23.2 5419 22.2
67 95092 207 35.3 5489 22.2
68 95632 67 18.5 5513 22.2
69 95763 209 35.6 5537 22.2
70 96707 99 21.9 5607 22.2
71 98568 204 34.7 5713 22.2
72 98811 89 21.1 5737 22.2
73 104046 255 44.0 5955 22.2
74 104348 327 59.3 6025 22.2
75 104553 78 19.9 6049 22.2
76 106358 295 51.7 6155 22.2
77 107404 118 23.4 6225 22.2
78 108284 65 18.2 6249 22.2
79 108350 97 21.7 6281 22.2
80 108440 240 41.2 6351 22.7
81 108907 312 55.7 6375 22.2
82 109297 76 19.7 6399 22.2
83 110603 177 30.3 6505 22.2
84 113362 236 40.4 6612 22.2
85 114358 295 51.7 6682 22.2
86 115154 112 22.9 6752 22.2
87 116133 78 19.9 6822 22.3
88 117312 96 21.7 6892 22.2
89 118298 67 18.5 6962 22.2
90 119726 76 19.7 7032 22.2
91 121015 88 21.0 7139 22.2
92 121422 289 50.5 7169 22.2
93 123914 319 57.6 7276 22.2
94 127287 102 22.2 7457 22.2
95 127436 289 50.5 7481 22.3
96 132143 583 201 7669 21.5
97 134580 124 23.9 7822 22.2
98 135369 496 144 7846 21.5
99 135839 71 19.1 7917 22.2
100 139193 143 25.7 8061 22.2
101 142746 220 37.6 8207 22.7
102 143021 78 19.9 8279 22.2
103 143510 159 27.7 8303 22.2
104 144488 184 31.4 8375 22.2
105 144983 79 20.0 8447 22.2
106 151163 371 73.8 8704 22.2
107 151978 71 19.1 8728 22.2
108 156084 167 28.8 8911 22.2
109 157876 83 20.5 9019 22.2
110 159305 120 23.6 9091 22.2
111 160280 110 22.8 9164 22.2
112 160951 408 90.6 9236 22.2
113 161802 284 49.4 9316 22.2
114 162050 231 39.5 9340 22.2
115 163372 99 21.9 9412 22.2
116 165506 88 21.0 9521 22.2
117 167119 192 32.7 9630 22.2
118 168490 56 16.8 9703 22.2
119 170288 295 51.7 9811 22.2
120 170623 112 22.9 9835 22.2
121 171505 126 24.1 9907 22.2
122 171577 60 17.4 9931 22.2
123 171631 198 33.7 9955 22.2
124 172783 63 17.9 10028 22.2
125 172858 268 46.3 10052 22.2
126 177636 199 33.9 10272 22.3
127 180019 371 73.8 10381 22.2
128 180694 246 42.3 10453 22.2
129 180812 56 16.8 10477 22.2
130 182950 103 22.2 10610 22.2
131 183760 49 15.5 10682 22.2
132 185096 275 47.7 10754 22.2
133 187666 71 19.1 11027 22.2
134 188517 403 89.0 11181 22.0
135 190954 57 16.9 11327 22.2
136 191392 71 19.1 11351 22.2
137 194804 199 33.9 11499 22.2
138 197156 254 43.8 11862 22.2
139 197455 67 18.5 12118 22.2
140 199830 271 46.9 12471 22.2
141 201392 113 23.0 12640 22.2
142 201932 159 27.7 12712 22.2
143 202665 529 156 12784 21.5
144 204497 108 22.6 12857 22.2
145 208822 88 21.0 13039 22.2
146 210272 207 35.3 13156 22.3
147 212040 60 17.4 13266 22.2
148 212291 467 122 13290 22.2
149 213362 78 19.9 13362 22.7
150 217361 56 16.8 13545 22.2
151 217715 51 15.9 13569 22.2
152 217759 195 33.2 13593 22.2
153 218912 166 28.6 13673 22.2
154 221564 163 28.2 13818 22.2
155 222626 255 44.0 13890 22.7
156 225713 227 38.8 14035 22.2
157 226725 248 42.7 14107 22.3
158 229705 131 24.5 14217 22.2
159 232222 67 18.5 14363 22.3
160 235878 76 19.7 14508 22.2
161 239204 62 17.8 14691 22.2
162 239446 71 19.1 14722 22.2
163 239662 88 21.0 14746 22.2
164 239789 56 16.8 14770 22.2
165 243658 195 33.2 14952 22.2
166 247069 307 54.5 15098 22.2
167 247255 152 26.8 15122 22.2
168 247561 48 15.3 15194 22.2
169 250542 94 21.5 15303 22.2
170 253799 417 95.2 15486 22.2
171 255580 176 30.1 15558 22.2
172 256730 96 21.7 15630 22.3
173 258634 172 29.5 15739 22.3
174 259218 192 32.7 15811 22.7
175 261533 179 30.6 15920 22.2
176 261753 56 16.8 15944 22.2
177 264557 56 16.8 16090 22.2
178 265687 384 80.1 16170 22.2
179 267017 192 32.7 16242 22.2
180 269808 270 46.7 16389 22.2
181 269867 284 49.4 16413 22.3
182 271081 284 49.4 16485 22.2
183 273009 124 23.9 16594 22.2
184 273308 547 162 16618 21.5
185 273502 192 32.7 16642 22.2
186 275472 67 18.5 16751 22.2
187 275575 67 18.5 16775 22.2
188 277826 199 33.9 16922 22.2
189 278435 224 38.3 16946 22.2
190 278573 67 18.5 16970 22.3
191 283713 275 47.7 17190 22.2
192 284244 158 27.5 17262 22.2
193 289659 64 18.1 17481 22.2
194 289751 63 17.9 17504 22.2
195 289818 96 21.7 17526 22.2
196 291545 79 20.0 17636 22.2
197 294770 48 15.3 17782 22.2
198 294827 71 19.1 17806 22.2
199 294950 216 36.8 17830 22.2
200 297042 120 23.6 17939 22.2
201 297346 207 35.3 17963 22.2
202 299054 96 21.7 18073 22.3
203 300586 79 20.0 18145 22.7
204 300685 71 19.1 18218 22.2
205 303636 71 19.1 18327 22.2
206 305487 76 19.7 18436 22.2
207 305786 103 22.2 18460 22.2
208 307513 217 37.0 18570 22.2
209 308134 56 16.8 18642 22.2
210 309809 71 19.1 18714 22.2
211 313254 224 38.3 18903 22.2
212 315579 110 22.8 19012 22.2
213 315943 92 21.3 19036 22.2
214 316181 188 32.0 19060 22.2
215 317990 243 41.7 19172 22.2
216 318420 60 17.4 19249 22.2
217 320999 127 24.2 19358 22.7
218 325703 83 20.5 19577 22.2
219 325769 124 23.9 19601 22.2
220 326137 384 80.1 19625 22.2
221 327804 409 91.1 19734 22.2
222 329081 131 24.5 19806 22.2
223 331738 188 32.0 19915 22.3
224 332022 88 21.0 19987 22.3
225 333010 96 21.7 20059 22.2
226 333234 76 19.7 20083 22.2
227 333337 216 36.8 20115 22.3
228 334387 295 51.7 20187 22.2
229 334591 56 16.8 20211 22.3
230 336821 319 57.6 20320 22.2
231 339088 120 23.6 20429 22.2
232 340611 543 165 20538 21.5
233 344960 103 22.2 20721 22.2
234 347306 110 22.8 20830 22.2
235 349697 78 19.9 20975 22.2
236 350097 71 19.1 20999 22.2
237 351037 271 46.9 21071 22.2
238 352177 199 33.9 21144 22.2
239 352540 198 33.7 21168 22.3
240 353453 188 32.0 21240 22.2
241 358963 56 16.8 21459 22.2
242 361435 56 16.8 21606 22.2
243 362034 384 80.1 21658 22.2
244 362646 135 24.9 21730 22.2
245 365288 127 24.2 21876 22.2
246 367964 252 43.4 21985 22.2
247 368555 486 136 22057 21.5
248 372303 92 21.3 22202 22.2
249 373495 127 24.2 22274 22.2
250 373821 327 59.3 22347 22.2
251 375585 79 20.0 22419 22.7
252 375945 112 22.9 22491 22.2
253 375981 103 22.2 22515 22.2
254 376160 121 23.7 22539 22.2
255 376586 88 21.0 22563 22.2
256 377015 67 18.5 22635 22.2
257 377217 79 20.0 22659 22.2
258 379750 56 16.8 22768 22.2
259 385370 126 24.1 23050 22.2
260 386370 184 31.4 23122 22.2
261 388547 273 47.3 23231 22.2
262 392265 88 21.0 23377 22.2
263 400644 224 38.3 23708 22.2
264 403902 192 32.7 23891 22.3
265 404514 195 33.2 23915 22.3
266 405590 198 33.7 23987 22.2
267 405645 131 24.5 24011 22.2
268 405756 105 22.4 24035 22.2
269 406853 167 28.8 24107 22.3
270 407918 62 17.8 24179 22.2
271 408320 99 21.9 24252 22.3
272 409548 572 184 24324 21.5
273 409643 83 20.5 24348 22.2
274 409964 627 249 24372 22.0
275 411776 172 29.5 24489 22.7
276 413951 99 21.9 24607 22.2
277 419223 161 27.9 24832 22.2
278 419846 112 22.9 24904 22.2
279 420443 124 23.9 24928 22.2
280 421823 163 28.2 25037 22.2
281 423195 204 34.7 25109 22.2
282 425152 60 17.4 25218 22.2
283 427142 241 41.4 25327 22.2
284 427172 531 161 25351 21.5
285 428341 63 17.9 25423 22.2
286 428583 231 39.5 25447 22.7
287 429068 551 165 25519 21.5
288 429182 369 73.4 25543 22.2
289 432694 300 52.8 25689 22.2
290 433504 99 21.9 25761 22.3
291 434545 209 35.6 25833 22.2
292 436248 108 22.6 25951 22.7
293 437575 115 23.2 26023 22.2
294 440808 79 20.0 26169 22.2
295 440955 108 22.6 26193 22.2
296 441643 78 19.9 26265 22.7
297 448402 275 47.7 26522 22.2
298 449436 60 17.4 26594 22.2
299 449616 295 51.7 26618 22.2
300 450889 259 44.7 26727 22.3
301 453618 184 31.4 26836 22.2
302 453982 65 18.2 26908 22.2
303 455189 472 126 26980 21.5
304 459384 71 19.1 27163 22.2
305 459641 448 112 27187 21.9
306 469045 83 20.5 27555 22.2
307 469551 115 23.2 27627 22.2
308 470265 403 89.0 27658 22.2
309 470350 135 24.9 27682 22.2
310 472493 143 25.7 27791 22.2
311 474789 371 73.8 27936 22.2
312 476296 419 97.2 28008 22.2
313 479135 184 31.4 28153 22.2
314 479299 399 87.3 28177 22.2
315 482442 88 21.0 28323 22.2
316 483169 94 21.5 28395 22.2
317 484834 96 21.7 28467 22.3
318 485831 316 56.8 28539 22.2
319 486702 192 32.7 28611 22.2
320 488115 472 126 28683 21.9
321 495181 224 38.3 28976 22.2
322 495478 135 24.9 29000 22.2
323 497831 79 20.0 29146 22.2
324 498103 184 31.4 29178 22.2
325 500548 207 35.3 29288 22.3
326 503113 176 30.1 29434 22.2
327 507877 79 20.0 29618 22.2
328 508973 94 21.5 29690 22.2
329 510523 127 24.2 29799 22.2
330 511392 79 20.0 29872 22.2
331 515465 332 61.2 30054 22.2
332 517512 483 133 30164 21.5
333 519618 49 15.5 30273 22.2
334 520680 102 22.2 30345 22.2
335 522269 355 68.3 30417 22.2
336 523996 103 22.2 30526 22.2
337 525589 287 50.2 30598 22.2
338 526189 332 61.2 30670 22.7
339 535402 71 19.1 31045 22.2
340 536734 83 20.5 31124 22.2
341 537785 167 28.8 31196 22.2
342 538837 60 17.4 31269 22.2
343 539117 124 23.9 31293 22.2
344 539414 103 22.2 31365 22.2
345 540577 51 15.9 31437 22.2
346 540901 94 21.5 31461 22.2
347 542346 79 20.0 31533 22.2
348 542889 96 21.7 31605 22.2
349 543424 63 17.9 31629 22.2
350 544080 51 15.9 31701 22.2
351 545553 56 16.8 31773 22.2
352 550473 94 21.5 31994 22.2
353 552120 112 22.9 32103 22.2
354 552514 92 21.3 32127 22.2
355 554259 54 16.4 32236 22.7
356 554590 384 80.1 32260 22.2
357 556131 152 26.8 32377 22.2
358 556289 295 51.7 32401 22.2
359 556589 255 44.0 32425 22.2
360 556744 167 28.8 32449 22.2
361 558400 88 21.0 32557 22.2
362 560719 192 32.7 32666 22.2
363 561014 115 23.2 32690 22.2
364 562166 192 32.7 32762 22.2
365 562877 108 22.6 32834 22.2
366 565223 172 29.5 32943 22.2
367 566794 56 16.8 33052 22.2
368 567626 327 59.3 33124 22.2
369 569430 255 44.0 33196 22.7
370 572486 208 35.4 33341 22.7
371 572765 856 998 33413 21.1
372 573329 344 64.7 33437 22.2
373 573721 56 16.8 33468 22.2
374 574942 275 47.7 33577 22.2
375 575179 188 32.0 33601 22.2
376 576548 83 20.5 33673 22.2
377 577553 142 25.6 33745 22.2
378 582883 220 37.6 33964 22.3
379 596191 668 291 34480 21.5
380 597465 65 18.2 34560 22.7
381 598238 103 22.2 34633 22.2
382 602089 399 87.3 34815 21.9
383 604320 216 36.8 34924 22.7
384 605916 207 35.3 34997 22.2
385 606482 184 31.4 35069 22.2
386 606799 188 32.0 35093 22.2
387 607799 63 17.9 35165 22.2
388 610384 527 156 35311 21.5
389 610471 337 62.3 35360 22.2
390 611331 152 26.8 35432 22.2
391 613458 302 53.3 35541 22.2
392 613542 147 26.2 35565 22.2
393 615285 67 18.5 35637 22.2
394 618199 67 18.5 35783 22.2
395 621232 83 20.5 35930 22.2
396 621443 103 22.2 36072 22.2
397 621936 184 31.4 36277 22.2
398 623336 236 40.4 36350 22.2
399 623404 423 97.4 36374 22.2
400 623474 241 41.4 36405 22.2
401 623814 71 19.1 36477 22.2
402 623976 78 19.9 36501 22.2
403 624899 51 15.9 36573 22.7
404 626089 254 43.8 36645 22.2
405 627704 54 16.4 36725 22.2
406 632225 51 15.9 36944 22.2
407 632971 152 26.8 36968 22.2
408 636703 92 21.3 37151 22.2
409 637680 79 20.0 37223 22.2
410 638014 63 17.9 37247 22.2
411 639391 88 21.0 37319 22.2
412 639813 248 42.7 37391 22.3
413 641414 94 21.5 37653 22.2
414 644312 344 64.7 37892 22.2
415 644405 49 15.5 37916 22.2
416 644803 56 16.8 37988 22.2
417 645551 179 30.6 38012 22.3
418 647011 152 26.8 38121 22.2
419 647434 344 64.7 38145 22.2
420 649630 143 25.7 38253 22.7
421 650257 103 22.2 38325 22.2
422 650996 131 24.5 38406 22.2
423 653414 71 19.1 38515 22.3
424 653958 126 24.1 38539 22.2
425 654615 120 23.6 38611 22.3
426 655388 79 20.0 38684 22.2
427 657294 92 21.3 38792 22.2
428 659345 334 61.4 38901 22.2
429 661004 63 17.9 38973 22.7
430 661247 216 36.8 38997 22.3
431 663386 70 18.9 39106 22.2
432 664361 103 22.2 39178 22.2
433 664917 163 28.2 39250 22.2
434 666982 339 63.0 39359 22.2
435 667030 179 30.6 39383 22.2
436 669880 355 68.3 39529 22.2
437 669923 76 19.7 39553 22.2
438 671529 184 31.4 39632 22.2
439 673161 95 21.6 39741 22.3
440 677983 51 15.9 39923 22.2
441 690154 103 22.2 40400 22.2
442 695451 268 46.3 40619 22.2
443 701739 71 19.1 40876 22.3
444 703388 444 109 40984 22.0
445 704100 76 19.7 41056 22.2
446 706471 211 36.0 41165 22.2
447 706958 728 431 41189 22.2
448 707994 131 24.5 41270 22.2
449 710052 103 22.2 41379 22.2
450 711733 496 144 41488 21.5
451 714320 127 24.2 41597 22.2
452 714708 96 21.7 41669 22.2
453 714831 152 26.8 41693 22.2
454 716640 376 76.4 41810 22.2
455 718723 291 51.0 41918 22.2
456 719057 305 53.9 41942 22.2
457 719475 300 52.8 41966 22.2
458 719596 172 29.5 41990 22.2
459 720469 103 22.2 42062 22.2
460 720663 103 22.2 42086 22.2
461 725605 199 33.9 42306 22.2
462 725689 134 24.8 42337 22.7
463 725908 97 21.7 42362 22.2
464 726731 188 32.0 42434 22.2
465 727219 48 15.3 42506 22.2
466 728432 295 51.7 42579 22.2
467 730479 83 20.5 42688 22.2
468 730565 120 23.6 42712 22.2
469 733184 115 23.2 42822 22.2
470 735890 103 22.2 42974 22.2
471 736847 216 36.8 43046 22.2
472 737828 115 23.2 43118 22.2
473 737952 222 38.0 43143 22.2
474 738180 176 30.1 43167 22.2
475 739802 97 21.7 43276 22.2
476 740127 71 19.1 43300 22.2
477 743893 51 15.9 43483 22.2
478 744583 124 23.9 43507 22.2
479 744852 51 15.9 43580 22.7
480 745866 227 38.8 43652 22.2
481 746224 62 17.8 43676 22.2
482 747594 156 27.3 43749 22.3
483 748419 163 28.2 43821 22.2
484 750360 111 22.9 43930 22.2
485 753338 304 53.7 44075 22.2
486 755300 124 23.9 44192 22.2
487 759719 216 36.8 44376 22.2
488 763100 112 22.9 44522 22.2
489 763939 57 16.9 44595 22.2
490 764730 166 28.6 44667 22.3
491 766345 248 42.7 44739 22.2
492 767406 204 34.7 44812 22.3
493 769159 142 25.6 44921 22.2
494 771350 83 20.5 45030 22.2
495 772240 112 22.9 45103 22.2
496 773356 135 24.9 45175 22.2
497 774014 542 169 45248 21.5
498 775477 169 29.0 45320 22.2
499 779697 88 21.0 45502 22.2
500 780145 192 32.7 45526 22.2
501 781138 615 227 45598 21.1
502 782811 335 61.8 45726 22.2
503 782860 199 33.9 45755 22.3
504 786023 231 39.5 45906 22.2
505 790216 71 19.1 46093 22.2
506 792738 143 25.7 46245 22.0
507 797758 86 20.8 46433 22.2
508 800937 89 21.1 46584 22.3
509 801319 81 20.3 46661 22.2
510 801621 135 24.9 46690 22.7
511 806813 224 38.3 46915 22.2
512 807310 304 53.7 46992 22.2
513 807711 124 23.9 47021 22.2
514 808139 156 27.3 47051 22.2
515 810822 83 20.5 47203 22.3
516 811963 70 18.9 47281 22.2
517 812315 97 21.7 47311 22.2
518 812560 472 126 47389 22.2
519 814486 67 18.5 47493 22.2
520 816090 71 19.1 47601 22.2
521 819271 273 47.3 47747 22.7
522 819342 188 32.0 47771 22.2
523 820247 112 22.9 47849 22.7
524 821086 49 15.5 47921 22.2
525 822398 92 21.3 47993 22.2
526 823447 192 32.7 48065 22.2
527 826868 137 25.1 48211 22.2
528 827406 60 17.4 48284 22.3
529 833317 220 37.6 48502 22.2
530 834897 71 19.1 48610 22.2
531 835995 62 17.8 48682 22.2
532 839642 352 66.9 48865 22.3
533 840089 167 28.8 48889 22.2
534 840284 56 16.8 48913 22.2
535 841973 79 20.0 49028 22.2
536 845049 615 227 49173 21.5
537 848514 195 33.2 49327 22.2
538 852082 177 30.3 49473 22.2
539 852799 127 24.2 49545 22.2
540 855647 78 19.9 49692 22.2
541 856826 79 20.0 49764 22.2
542 857182 79 20.0 49788 22.2
543 860603 371 73.8 49971 22.2
544 861151 126 24.1 50176 22.2
545 865106 127 24.2 50389 22.2
546 867163 231 39.5 50498 22.2
547 868461 132 24.6 50570 22.2
548 869915 204 34.7 50679 22.2
549 870139 99 21.9 50703 22.3
550 871991 380 78.1 50813 22.2
551 878654 97 21.7 51077 22.2
552 881492 334 61.4 51224 22.2
553 883248 135 24.9 51296 22.2
554 887297 156 27.3 51479 22.7
555 895310 108 22.6 51810 22.2
556 895761 199 33.9 51834 22.2
557 896228 56 16.8 51906 22.7
558 898611 286 49.8 52015 22.7
559 905897 455 117 52308 21.9
560 906343 384 80.1 52380 22.2
561 908674 108 22.6 52489 22.2
562 908884 108 22.6 52513 22.2
563 908959 81 20.3 52537 22.2
564 912657 195 33.2 52720 22.2
565 917381 152 26.8 52902 22.2
566 918006 348 65.6 52975 22.2
567 921700 167 28.8 53126 22.2
568 922742 112 22.9 53198 22.2
569 925119 110 22.8 53343 22.2
570 926173 401 87.9 53415 22.2
571 928540 67 18.5 53525 22.2
572 929062 96 21.7 53549 22.2
573 931351 71 19.1 53695 22.3
574 932314 88 21.0 53767 22.2
575 933289 284 49.4 53791 22.2
576 936907 71 19.1 53974 22.2
577 937283 492 135 53998 21.9
578 937820 140 25.4 54070 22.2
579 939518 339 63.0 54142 22.2
580 940132 97 21.7 54214 22.2
581 940818 143 25.7 54286 22.2
582 940942 56 16.8 54310 22.2
583 941537 108 22.6 54342 22.3
584 942913 103 22.2 54451 22.2
585 944105 88 21.0 54529 22.2
586 944396 112 22.9 54553 22.2
587 946029 156 27.3 54662 22.2
588 946794 423 97.4 54686 22.2
589 947407 103 22.2 54758 22.2
590 949135 88 21.0 54867 22.2
591 952688 352 66.9 55013 22.2
592 955453 225 38.5 55158 22.2
593 956973 63 17.9 55230 22.2
594 959197 103 22.2 55340 22.2
595 962068 145 26.0 55486 22.2
596 963068 63 17.9 55559 22.2
597 963497 83 20.5 55583 22.2
598 963831 172 29.5 55655 22.2
599 964471 103 22.2 55679 22.3
600 967699 185 31.5 55830 22.2
601 970034 71 19.1 55976 22.2
602 972704 62 17.8 56084 22.2
603 973443 71 19.1 56156 22.2
604 973783 172 29.5 56180 22.2
605 974627 449 112 56253 21.9
606 977110 60 17.4 56361 22.2
607 978010 112 22.9 56433 22.2
608 978513 56 16.8 56505 22.2
609 979782 304 53.7 56577 22.2
610 984855 103 22.2 56797 22.2
611 985400 60 17.4 56821 22.2
612 985605 199 33.9 56893 22.2
613 985886 83 20.5 56917 22.2
614 986258 56 16.8 56941 22.2
615 988558 463 119 57050 21.5
616 989082 167 28.8 57129 22.2
617 990756 300 52.8 57238 22.2
618 991192 60 17.4 57262 22.2
619 998549 54 16.4 57556 22.2
620 1002225 408 90.6 57739 22.2
621 1004666 67 18.5 57848 22.2
622 1006185 359 69.9 57920 22.2
623 1010392 56 16.8 58102 22.2
624 1011294 240 41.2 58174 22.3
625 1012147 295 51.7 58246 22.2
626 1014359 63 17.9 58355 22.2
627 1015341 51 15.9 58427 22.2
628 1016422 76 19.7 58499 22.2
629 1017181 376 76.4 58571 22.2
630 1017320 121 23.7 58595 22.3
631 1017862 113 23.0 58667 22.2
632 1018927 63 17.9 58747 22.2
633 1020772 120 23.6 58819 22.3
634 1026099 89 21.1 59039 22.2
635 1026347 112 22.9 59112 22.7
636 1026543 88 21.0 59136 22.3
637 1026962 161 27.9 59160 22.2
638 1028340 83 20.5 59268 22.2
639 1029646 67 18.5 59340 22.3
640 1033116 99 21.9 59487 22.2
641 1033360 265 45.8 59511 22.2
642 1035707 188 32.0 59657 22.2
643 1036121 94 21.5 59681 22.2
644 1037462 137 25.1 59753 22.2
645 1038103 558 173 59825 21.5
646 1039931 188 32.0 59934 22.2
647 1040001 304 53.7 59961 22.2
648 1040311 78 19.9 60013 22.2
649 1041013 113 23.0 60085 22.2
650 1046398 79 20.0 60305 22.2
651 1052935 135 24.9 60561 22.2
652 1056286 81 20.3 60707 22.3
653 1056695 295 51.7 60779 22.2
654 1057866 103 22.2 60851 22.7
655 1057900 76 19.7 60875 22.2
656 1059243 227 38.8 60948 22.2
657 1059726 304 53.7 61020 22.2
658 1059889 313 56.0 61044 22.2
659 1060183 177 30.3 61068 22.2
660 1062699 63 17.9 61214 22.2
661 1064566 99 21.9 61286 22.2
662 1065139 76 19.7 61358 22.2
663 1066039 73 19.3 61437 22.2
664 1066069 49 15.5 61461 22.2
665 1070938 88 21.0 61645 22.2
666 1071616 51 15.9 61717 22.2
667 1071722 339 63.0 61741 22.7
668 1072658 88 21.0 61813 22.2
669 1072833 206 35.1 61837 22.2
670 1073737 240 41.2 61909 22.2
671 1074538 112 22.9 61981 22.2
672 1075554 304 53.7 62179 22.2
673 1079570 79 20.0 62578 22.2
674 1080150 86 20.8 62602 22.2
675 1089141 71 19.1 62969 22.2
676 1089703 131 24.5 62993 22.3
677 1091080 49 15.5 63103 22.2
678 1093562 248 42.7 63211 22.2
679 1094567 129 24.4 63291 22.2
680 1096218 115 23.2 63401 22.7
681 1097458 359 69.9 63473 22.2
682 1106909 433 104 63840 22.2
683 1108985 71 19.1 63949 22.3
684 1109140 67 18.5 63973 22.2
685 1109635 371 73.8 64045 22.2
686 1109987 94 21.5 64069 22.3
687 1110776 305 53.9 64141 22.2
688 1111047 67 18.5 64165 22.2
689 1115485 591 189 64347 21.5
690 1116606 472 126 64428 21.5
691 1118384 76 19.7 64537 22.7
692 1118636 352 66.9 64561 22.3
693 1119429 384 80.1 64633 22.2
694 1121515 167 28.8 64743 22.2
695 1122181 63 17.9 64822 22.2
696 1125270 135 24.9 64969 22.2
697 1125305 99 21.9 64993 22.2
698 1128646 312 55.7 65138 22.2
699 1134664 192 32.7 65394 22.2
700 1135898 56 16.8 65466 22.2
701 1136956 76 19.7 65538 22.2
702 1140359 177 30.3 65684 22.2
703 1140948 94 21.5 65756 22.2
704 1143713 79 20.0 65865 22.7
705 1144856 76 19.7 65937 22.2
706 1148149 143 25.7 66120 22.2
707 1148655 263 45.4 66144 22.2
708 1149813 216 36.8 66219 22.2
709 1150444 248 42.7 66295 22.3
710 1152413 241 41.4 66404 22.7
711 1152626 231 39.5 66436 22.2
712 1152801 62 17.8 66460 22.2
713 1153504 339 63.0 66532 22.3
714 1155336 63 17.9 66604 22.2
715 1156710 49 15.5 66714 22.2
716 1161207 79 20.0 66896 22.2
717 1161279 176 30.1 66920 22.2
718 1163002 62 17.8 67030 22.2
719 1164207 120 23.6 67103 22.2
720 1164609 249 42.9 67127 22.2
721 1166903 318 57.3 67274 22.2
722 1167680 513 149 67298 21.5
723 1172818 220 37.6 67517 22.2
724 1174290 63 17.9 67626 22.2
725 1175073 60 17.4 67651 22.2
726 1175626 60 17.4 67730 22.2
727 1176123 89 21.1 67754 22.2
728 1177358 280 48.7 67863 22.2
729 1177884 184 31.4 67887 22.2
730 1178048 79 20.0 67911 22.2
731 1179252 79 20.0 67983 22.2
732 1179411 60 17.4 68055 22.2
733 1180507 255 44.0 68127 22.3
734 1182212 135 24.9 68199 22.2
735 1182245 76 19.7 68224 22.2
736 1183809 449 112 68333 22.2
737 1184188 63 17.9 68357 22.2
738 1186305 63 17.9 68466 22.2
739 1188538 291 51.0 68576 22.3
740 1193017 182 31.0 68795 22.2
741 1194006 230 39.4 68867 22.2
742 1195115 671 277 68947 21.5
743 1197392 71 19.1 69063 22.3
744 1197853 78 19.9 69087 22.2
745 1202893 319 57.6 69307 22.2
746 1205056 71 19.1 69416 22.2
747 1207152 206 35.1 69526 22.7
748 1208993 94 21.5 69636 22.2
749 1210197 56 16.8 69708 22.2
750 1213328 590 201 69854 21.5
751 1215802 184 31.4 69971 22.2
752 1216166 255 44.0 70043 22.2
753 1218132 62 17.8 70152 22.2
754 1218697 153 26.9 70176 22.2
755 1219216 327 59.3 70248 22.2
756 1220888 76 19.7 70320 22.2
757 1224905 220 37.6 70502 22.2
758 1227090 451 113 70622 21.9
759 1228151 71 19.1 70699 22.2
760 1228849 188 32.0 70776 22.2
761 1229811 102 22.2 70853 22.2
762 1231181 254 43.8 70930 22.2
763 1232843 126 24.1 71044 22.2
764 1234022 67 18.5 71121 22.2
765 1234311 99 21.9 71150 22.3
766 1236943 352 66.9 71300 22.2
767 1239166 102 22.2 71414 22.2
768 1239795 103 22.2 71443 22.3
769 1241533 99 21.9 71557 22.3
770 1242092 159 27.7 71637 22.2
771 1247569 358 69.1 71865 22.2
772 1251697 56 16.8 72054 22.2
773 1252086 135 24.9 72084 22.2
774 1258572 102 22.2 72371 22.2
775 1261344 112 22.9 72516 22.2
776 1262315 81 20.3 72588 22.2
777 1264324 348 65.6 72697 22.7
778 1264536 92 21.3 72721 22.2
779 1265478 78 19.9 72793 22.2
780 1266343 199 33.9 72865 22.2
781 1267437 99 21.9 72937 22.2
782 1267804 211 36.0 72961 22.2
783 1268503 89 21.1 73033 22.2
784 1268597 63 17.9 73057 22.2
785 1268798 143 25.7 73081 22.2
786 1269655 51 15.9 73153 22.2
787 1270704 312 55.7 73225 22.2
788 1270791 707 321 73249 21.5
789 1272016 280 48.7 73335 22.3
790 1277777 60 17.4 73591 22.2
791 1277887 415 95.0 73615 22.2
792 1278610 184 31.4 73687 22.2
793 1279079 172 29.5 73711 22.2
794 1282043 89 21.1 73857 22.2
795 1283620 222 38.0 73930 22.2
796 1285489 348 65.6 74038 22.2
797 1287384 169 29.0 74147 22.2
798 1288628 494 141 74219 21.5
799 1288665 60 17.4 74243 22.3
800 1290706 76 19.7 74352 22.2
801 1291163 140 25.4 74424 22.2
802 1294230 143 25.7 74569 22.2
803 1299192 92 21.3 74931 22.2
804 1299521 79 20.0 75033 22.2
805 1302520 611 212 75186 21.5
806 1302798 101 22.1 75210 22.2
807 1303717 192 32.7 75282 22.2
808 1307973 76 19.7 75464 22.2
809 1310033 108 22.6 75573 22.3
810 1313123 259 44.7 75718 22.2
811 1314314 63 17.9 75790 22.3
812 1316132 312 55.7 75899 22.2
813 1317783 209 35.6 75971 22.2
814 1317916 440 109 75995 21.9
815 1319418 78 19.9 76104 22.3
816 1321762 79 20.0 76212 22.2
817 1323082 103 22.2 76284 22.2
818 1325700 120 23.6 76431 22.2
819 1325914 76 19.7 76455 22.2
820 1326637 252 43.4 76527 22.2
821 1330867 56 16.8 76716 22.2
822 1333240 78 19.9 76825 22.2
823 1333591 135 24.9 76849 22.2
824 1334242 115 23.2 76921 22.2
825 1335041 88 21.0 76993 22.2
826 1337596 71 19.1 77102 22.2
827 1337621 115 23.2 77126 22.2
828 1337817 143 25.7 77150 22.2
829 1344017 102 22.2 77407 22.2
830 1345783 108 22.6 77516 22.2
831 1346682 220 37.6 77592 22.2
832 1348726 83 20.5 77704 22.2
833 1351877 96 21.7 77850 22.2
834 1351978 120 23.6 77874 22.2
835 1354387 94 21.5 77982 22.2
836 1356031 48 15.3 78091 22.2
837 1358074 65 18.2 78208 22.2
838 1360711 111 22.9 78317 22.2
839 1363054 110 22.8 78463 22.2
840 1365343 227 38.8 78572 22.2
841 1365559 192 32.7 78596 22.2
842 1365828 327 59.3 78620 22.2
843 1366275 156 27.3 78692 22.2
844 1366772 103 22.2 78716 22.2
845 1369818 216 36.8 78862 22.2
846 1374624 63 17.9 79082 22.2
847 1377654 159 27.7 79227 22.2
848 1378923 83 20.5 79299 22.2
849 1383809 391 82.4 79519 22.3
850 1384416 70 18.9 79543 22.2
851 1385536 179 30.6 79615 22.2
852 1386251 88 21.0 79693 22.2
853 1387210 69 18.8 79765 22.2
854 1389451 129 24.4 79874 22.3
855 1390572 115 23.2 79946 22.2
856 1399196 115 23.2 80276 22.2
857 1400009 352 66.9 80348 22.2
858 1402369 83 20.5 80457 22.2
859 1402695 96 21.7 80529 22.2
860 1403593 51 15.9 80601 22.2
861 1405343 449 112 80673 22.2
862 1406853 135 24.9 80783 22.2
863 1408143 129 24.4 80855 22.2
864 1410332 142 25.6 80964 22.2
865 1411435 312 55.7 81036 22.2
866 1413987 216 36.8 81182 22.7
867 1414677 120 23.6 81206 22.7
868 1415202 222 38.0 81286 22.2
869 1416588 129 24.4 81358 22.2
870 1417001 96 21.7 81382 22.3
871 1419968 179 30.6 81527 22.2
872 1420406 199 33.9 81599 22.3
873 1422336 167 28.8 81708 22.3
874 1422849 112 22.9 81732 22.2
875 1426745 88 21.0 81915 22.2
876 1427025 255 44.0 81939 22.2
877 1429546 158 27.5 82048 22.2
878 1431146 88 21.0 82158 22.2
879 1435675 172 29.5 82340 22.2
880 1440686 583 201 82561 21.5
881 1441201 216 36.8 82642 22.2
882 1442655 280 48.7 82714 22.2
883 1444408 78 19.9 82823 22.2
884 1446116 71 19.1 82902 22.2
885 1447151 255 44.0 82974 22.2
886 1447820 78 19.9 83046 22.2
887 1452203 105 22.4 83229 22.2
888 1452663 97 21.7 83301 22.2
889 1452902 319 57.6 83325 22.3
890 1453101 88 21.0 83349 22.2
891 1456311 76 19.7 83495 22.2
892 1457323 79 20.0 83568 22.2
893 1459334 71 19.1 83679 22.3
894 1460075 108 22.6 83755 22.2
895 1460806 63 17.9 83779 22.2
896 1463399 332 61.2 83926 22.2
897 1465078 54 16.4 84035 22.2
898 1467057 140 25.4 84108 22.3
899 1468098 169 29.0 84204 22.2
900 1469027 71 19.1 84276 22.2
901 1469533 263 45.4 84348 22.3
902 1470827 86 20.8 84420 22.2
903 1473427 184 31.4 84566 22.2
904 1474493 96 21.7 84639 22.2
905 1475113 222 38.0 84663 22.3
906 1476650 78 19.9 84771 22.2
907 1477494 115 23.2 84795 22.3
908 1478226 248 42.7 84867 22.2
909 1479731 131 24.5 84977 22.2
910 1482601 184 31.4 85086 22.2
911 1483813 295 51.7 85158 22.3
912 1484976 67 18.5 85266 22.3
913 1491036 127 24.2 85486 22.7
914 1492388 88 21.0 85595 22.2
915 1494600 167 28.8 85710 22.2
916 1494757 71 19.1 85734 22.3
917 1494872 88 21.0 85758 22.2
918 1495376 284 49.4 85831 22.3
919 1497013 92 21.3 85903 22.2
920 1498062 176 30.1 85975 22.2
921 1501527 67 18.5 86121 22.2
922 1501825 408 90.6 86193 22.2
923 1503392 496 144 86265 21.5
924 1504124 131 24.5 86338 22.3
925 1504448 440 109 86362 21.9
926 1505304 192 32.7 86434 22.2
927 1506765 71 19.1 86631 22.2
928 1509869 286 49.8 86998 22.2
929 1514124 89 21.1 87181 22.2
930 1518062 176 30.1 87364 22.2
931 1520902 287 50.2 87518 22.2
932 1521637 636 232 87591 21.5
933 1524458 103 22.2 87708 22.2
934 1530887 88 21.0 87963 22.2
935 1533562 60 17.4 88109 22.2
936 1535511 142 25.6 88219 22.2
937 1539073 63 17.9 88365 22.2
938 1540245 156 27.3 88438 22.7
939 1542345 241 41.4 88547 22.2
940 1542517 110 22.8 88619 22.2
941 1544105 131 24.5 88691 22.2
942 1549774 51 15.9 88949 22.2
943 1554571 207 35.3 89131 22.2
944 1557592 71 19.1 89278 22.2
945 1562017 76 19.7 89461 22.2
946 1563963 99 21.9 89570 22.2
947 1565223 63 17.9 89649 22.2
948 1568073 131 24.5 89796 22.2
949 1569352 312 55.7 89869 22.2
950 1570567 112 22.9 89978 22.2
951 1572388 103 22.2 90050 22.2
952 1572695 627 249 90122 21.5
953 1576436 179 30.6 90277 22.3
954 1576514 177 30.3 90304 22.2
955 1577795 592 192 90380 21.5
956 1579264 63 17.9 90498 22.2
957 1581319 295 51.7 90607 22.7
958 1583020 62 17.8 90679 22.2
959 1584032 120 23.6 90752 22.2
960 1586250 120 23.6 90898 22.2
961 1589694 94 21.5 91046 22.2
962 1589914 255 44.0 91078 22.2
963 1591660 71 19.1 91187 22.2
964 1592713 67 18.5 91259 22.7
965 1594514 408 90.6 91331 22.2
966 1597120 412 92.9 91476 22.2
967 1599686 103 22.2 91585 22.2
968 1599909 124 23.9 91657 22.2
969 1603635 216 36.8 91804 22.2
970 1603999 143 25.7 91877 22.2
971 1604470 195 33.2 91901 22.3
972 1607009 295 51.7 92009 22.2
973 1609526 145 26.0 92155 22.2
974 1610879 94 21.5 92228 22.2
975 1612234 62 17.8 92300 22.2
976 1614180 166 28.6 92409 22.2
977 1615342 227 38.8 92481 22.2
978 1617263 284 49.4 92597 22.2
979 1618158 51 15.9 92670 22.2
980 1622853 62 17.8 92889 22.2
981 1625024 355 68.3 92999 22.2
982 1627765 67 18.5 93108 22.7
983 1631100 92 21.3 93292 22.2
984 1631457 224 38.3 93316 22.2
985 1631586 79 20.0 93340 22.2
986 1633940 174 29.8 93448 22.2
987 1635997 88 21.0 93557 22.2
988 1640047 63 17.9 93739 22.3
989 1640485 172 29.5 93811 22.2
990 1644238 88 21.0 93956 22.2
991 1644445 67 18.5 93980 22.2
992 1644794 143 25.7 94052 22.2
993 1646857 96 21.7 94162 22.2
994 1647056 76 19.7 94194 22.2
995 1647453 243 41.7 94218 22.2
996 1657547 56 16.8 94623 22.2
997 1658614 71 19.1 94695 22.2
998 1659280 195 33.2 94767 22.2
999 1659814 305 53.9 94791 22.2
1000 1670857 259 44.7 95231 22.3
1001 1670885 448 112 95256 22.2
1002 1672561 76 19.7 95329 22.2
1003 1673306 60 17.4 95402 22.2
1004 1673647 131 24.5 95426 22.2
1005 1675105 216 36.8 95537 22.3
1006 1677149 112 22.9 95648 22.2
1007 1677329 76 19.7 95672 22.2
1008 1681069 224 38.3 95855 22.2
1009 1681233 172 29.5 95891 22.2
1010 1683895 49 15.5 96006 22.2
1011 1685667 334 61.4 96121 22.2
1012 1687279 112 22.9 96236 22.2
1013 1688706 368 72.9 96315 22.2
1014 1689279 112 22.9 96344 22.3
1015 1689991 112 22.9 96422 22.2
1016 1697022 152 26.8 96724 22.2
1017 1698484 140 25.4 96806 22.2
1018 1698757 188 32.0 96885 22.2
1019 1699430 216 36.8 96914 22.2
1020 1702562 142 25.6 97066 22.2
1021 1702986 391 82.4 97146 22.2
1022 1703833 120 23.6 97176 22.2
1023 1704960 88 21.0 97255 22.2
1024 1706376 65 18.2 97397 22.2
1025 1707285 440 109 97470 21.5
1026 1708289 184 31.4 97544 22.2
1027 1708414 115 23.2 97568 22.2
1028 1710884 252 43.4 97677 22.2
1029 1714363 112 22.9 97824 22.2
1030 1714956 71 19.1 97897 22.2
1031 1718986 448 112 98080 21.9
1032 1722580 224 38.3 98227 22.2
1033 1724707 79 20.0 98337 22.2
1034 1728094 329 59.9 98521 22.2
1035 1728500 307 54.5 98545 22.2
1036 1728770 112 22.9 98569 22.2
1037 1729174 78 19.9 98642 22.3
1038 1730866 120 23.6 98715 22.2
1039 1730989 108 22.6 98739 22.2
1040 1734073 127 24.2 98892 22.2
1041 1734413 252 43.4 98965 22.2
1042 1738001 174 29.8 99112 22.2
1043 1738590 284 49.4 99185 22.2
1044 1738986 112 22.9 99209 22.2
1045 1740015 167 28.8 99284 22.2
1046 1742272 103 22.2 99393 22.7
1047 1743783 76 19.7 99503 22.2
1048 1745475 92 21.3 99576 22.2
1049 1745505 51 15.9 99600 22.3
1050 1749755 103 22.2 99784 22.2
1051 1752096 344 64.7 99931 22.2
1052 1753145 184 31.4 100004 22.2
1053 1754114 398 85.6 100077 22.2
1054 1755496 71 19.1 100330 22.2
1055 1758741 462 121 100514 21.5
1056 1759547 408 90.6 100587 22.2
1057 1760206 98 21.8 100611 22.2
1058 1763615 172 29.5 100795 22.2
1059 1768335 84 20.6 100979 22.3
1060 1770487 112 22.9 101089 22.2
1061 1771207 423 97.4 101163 21.5
1062 1771274 120 23.6 101187 22.2
1063 1774618 56 16.8 101334 22.2
1064 1774746 307 54.5 101358 22.2
1065 1777059 192 32.7 101505 22.2
1066 1777464 63 17.9 101529 22.7
1067 1777988 83 20.5 101553 22.2
1068 1786616 56 16.8 101922 22.2
1069 1790319 73 19.3 102076 22.2
1070 1794434 102 22.2 102259 22.2
1071 1796219 312 55.7 102370 22.3
1072 1796579 460 120 102394 21.5
1073 1797199 88 21.0 102468 22.2
1074 1806928 240 41.2 102836 22.2
1075 1807012 487 133 102860 21.5
1076 1811889 497 142 103080 21.9
1077 1812821 88 21.0 103156 22.2
1078 1814639 238 40.8 103270 22.2
1079 1815997 78 19.9 103343 22.2
1080 1816296 243 41.7 103367 22.2
1081 1818999 312 55.7 103514 22.2
1082 1819549 230 39.4 103538 22.3
1083 1820130 79 20.0 103611 22.2
1084 1820847 62 17.8 103692 22.2
1085 1824095 188 32.0 103839 22.2
1086 1825656 236 40.4 103913 22.2
1087 1828748 158 27.5 104059 22.2
1088 1830347 206 35.1 104169 22.2
1089 1831195 515 148 104242 21.5
1090 1831521 112 22.9 104266 22.2
1091 1831836 241 41.4 104290 22.2
1092 1832822 127 24.2 104363 22.2
1093 1832885 319 57.6 104387 22.2
1094 1833569 127 24.2 104460 22.2
1095 1833668 112 22.9 104484 22.7
1096 1834398 62 17.8 104557 22.3
1097 1838390 88 21.0 104705 22.2
1098 1840660 88 21.0 104851 22.2
1099 1843034 568 190 104967 21.5
1100 1843557 88 21.0 104991 22.2
1101 1843914 94 21.5 105064 22.2
1102 1844102 60 17.4 105088 22.2
1103 1848412 103 22.2 105272 22.2
1104 1849016 143 25.7 105345 22.2
1105 1849145 118 23.4 105369 22.2
1106 1850074 135 24.9 105443 22.2
1107 1851964 255 44.0 105516 22.3
1108 1854606 201 34.2 105664 22.2
1109 1854955 287 50.2 105688 22.3
1110 1856400 78 19.9 105798 22.2
1111 1859330 177 30.3 105944 22.2
1112 1860003 95 21.6 105968 22.2
1113 1860674 248 42.7 106041 22.2
1114 1863838 115 23.2 106197 22.2
1115 1866433 103 22.2 106307 22.2
1116 1867703 96 21.7 106417 22.2
1117 1869009 211 36.0 106491 22.2
1118 1871077 156 27.3 106600 22.2
1119 1874623 255 44.0 106747 22.2
1120 1877129 739 496 106894 21.5
1121 1879875 92 21.3 107013 22.2
1122 1880043 79 20.0 107037 22.2
1123 1880814 222 38.0 107111 22.7
1124 1881052 71 19.1 107135 22.2
1125 1881191 425 99.5 107159 21.7
1126 1881620 73 19.3 107233 22.2
1127 1887462 103 22.2 107454 22.2
1128 1888245 839 829 107528 21.5
1129 1889231 99 21.9 107615 22.2
1130 1891090 384 80.1 107724 22.2
1131 1892665 295 51.7 107797 22.2
1132 1892902 120 23.6 107871 22.2
1133 1893092 127 24.2 107895 22.2
1134 1897281 224 38.3 108078 22.7
1135 1899027 63 17.9 108189 22.2
1136 1900128 92 21.3 108263 22.2
1137 1901149 199 33.9 108336 22.7
1138 1906089 134 24.8 108520 22.2
1139 1907039 176 30.1 108596 22.2
1140 1908787 63 17.9 108710 22.2
1141 1909193 108 22.6 108734 22.2
1142 1909393 147 26.2 108758 22.2
1143 1909883 184 31.4 108856 22.2
1144 1917275 120 23.6 109149 22.2
1145 1917542 83 20.5 109173 22.2
1146 1918204 120 23.6 109246 22.2
1147 1920136 332 61.2 109356 22.2
1148 1921430 120 23.6 109429 22.2
1149 1921508 161 27.9 109453 22.2
1150 1923412 454 115 109563 21.9
1151 1924642 167 28.8 109636 22.3
1152 1927000 184 31.4 109746 22.2
1153 1927697 60 17.4 109819 22.2
1154 1928519 88 21.0 109892 22.2
1155 1929022 64 18.1 109916 22.2
1156 1929522 225 38.5 109988 22.2
1157 1930097 65 18.2 110012 22.2
1158 1931823 199 33.9 110129 22.2
1159 1933029 304 53.7 110202 22.2
1160 1934155 88 21.0 110275 22.3
1161 1935793 56 16.8 110386 22.2
1162 1936191 112 22.9 110410 22.2
1163 1936949 398 85.6 110483 22.2
1164 1940076 180 30.7 110630 22.2
1165 1942194 167 28.8 110739 22.2
1166 1944627 216 36.8 110848 22.2
1167 1947249 71 19.1 110995 22.2
1168 1950310 60 17.4 111141 22.2
1169 1951445 159 27.7 111214 22.2
1170 1951969 398 85.6 111238 22.0
1171 1953562 112 22.9 111348 22.2
1172 1954176 51 15.9 111372 22.2
1173 1954273 192 32.7 111404 22.2
1174 1954505 73 19.3 111477 22.3
1175 1955748 275 47.7 111550 22.2
1176 1955807 71 19.1 111574 22.2
1177 1956370 280 48.7 111724 22.2
1178 1957071 71 19.1 112011 22.2
1179 1958607 275 47.7 112084 22.2
1180 1959372 78 19.9 112157 22.3
1181 1960345 96 21.7 112231 22.2
1182 1964561 243 41.7 112414 22.3
1183 1965688 184 31.4 112488 22.2
1184 1965815 166 28.6 112512 22.2
1185 1966508 337 62.3 112585 22.2
1186 1967590 124 23.9 112658 22.2
1187 1968036 63 17.9 112682 22.2
1188 1968771 129 24.4 112762 22.3
1189 1970663 103 22.2 112872 22.3
1190 1970932 335 61.8 112896 22.2
1191 1974634 233 39.9 113079 22.2
1192 1978463 76 19.7 113226 22.7
1193 1983645 192 32.7 113447 22.2
1194 1986773 198 33.7 113594 22.2
1195 1990023 127 24.2 113778 22.2
1196 1990284 163 28.2 113802 22.2
1197 1990609 220 37.6 113826 22.2
1198 1993530 193 32.8 113973 22.2
1199 1995983 130 24.4 114083 22.2
1200 1996128 96 21.7 114110 22.7
1201 1997346 63 17.9 114223 22.2
1202 1999889 71 19.1 114333 22.2
1203 2000360 199 33.9 114365 22.2
1204 2000675 359 69.9 114438 22.3
1205 2002381 92 21.3 114511 22.2
1206 2002897 79 20.0 114584 22.2
1207 2003147 76 19.7 114608 22.2
1208 2005369 147 26.2 114719 22.2
1209 2005857 112 22.9 114793 22.7
1210 2006149 278 48.3 114817 22.2
1211 2007252 103 22.2 114891 22.2
1212 2010804 67 18.5 115038 22.2
1213 2012765 79 20.0 115148 22.2
1214 2013494 62 17.8 115221 22.7
1215 2013861 96 21.7 115245 22.2
1216 2018327 220 37.6 115466 22.2
1217 2019060 222 38.0 115497 22.2
1218 2020211 88 21.0 115570 22.2
1219 2020515 131 24.5 115644 22.2
1220 2023055 108 22.6 115756 22.3
1221 2023719 393 83.5 115830 22.3
1222 2023774 105 22.4 115854 22.2
1223 2023929 463 119 115878 21.5
1224 2026933 97 21.7 116024 22.3
1225 2027041 199 33.9 116048 22.2
1226 2027641 142 25.6 116121 22.3
1227 2032589 97 21.7 116304 22.3
1228 2032720 112 22.9 116328 22.3
1229 2035945 60 17.4 116512 22.2
1230 2037124 513 149 116585 21.5
1231 2038126 280 48.7 116658 22.2
1232 2038748 216 36.8 116690 22.2
1233 2040131 79 20.0 116800 22.2
1234 2042928 79 20.0 116910 22.2
1235 2045660 140 25.4 117056 22.2
1236 2047654 496 144 117166 21.5
1237 2052831 79 20.0 117386 22.2
1238 2055999 103 22.2 117533 22.2
1239 2056960 206 35.1 117606 22.2
1240 2059635 675 318 117716 21.5
1241 2059804 167 28.8 117740 22.2
1242 2059958 211 36.0 117813 22.2
1243 2062372 115 23.2 117923 22.2
1244 2069563 243 41.7 118218 22.2
1245 2072634 83 20.5 118366 22.2
1246 2079222 236 40.4 118625 22.2
1247 2079422 56 16.8 118660 22.2
1248 2080388 209 35.6 118739 22.2
1249 2080545 103 22.2 118768 22.2
1250 2083313 167 28.8 118919 22.2
1251 2084064 70 18.9 118997 22.2
1252 2085287 348 65.6 119075 22.2
1253 2088361 771 600 119227 21.1
1254 2089746 65 18.2 119313 22.2
1255 2090393 243 41.7 119391 22.2
1256 2093532 359 69.9 119543 22.2
1257 2094103 399 87.3 119572 22.2
1258 2096855 71 19.1 119724 22.3
1259 2097604 88 21.0 119802 22.2
1260 2099431 521 150 119880 21.9
1261 2100073 302 53.3 119959 22.2
1262 2100858 108 22.6 120069 22.3
1263 2101302 156 27.3 120093 22.2
1264 2102180 184 31.4 120166 22.2
1265 2102557 143 25.7 120190 22.2
1266 2103152 62 17.8 120264 22.2
1267 2105334 188 32.0 120374 22.2
1268 2110747 448 112 120594 21.9
1269 2113287 140 25.4 120740 22.2
1270 2116022 300 52.8 120849 22.2
1271 2117260 248 42.7 120959 22.2
1272 2117813 384 80.1 120983 22.2
1273 2120013 63 17.9 121093 22.2
1274 2121055 102 22.2 121166 22.2
1275 2123139 295 51.7 121276 22.2
1276 2130928 88 21.0 121607 22.2
1277 2134206 79 20.0 121760 22.2
1278 2135762 127 24.2 121833 22.2
1279 2141384 79 20.0 122092 22.2
1280 2142378 318 57.3 122165 22.2
1281 2143146 177 30.3 122189 22.2
1282 2144129 63 17.9 122262 22.2
1283 2145625 96 21.7 122372 22.3
1284 2147608 388 81.4 122482 22.2
1285 2148818 110 22.8 122555 22.2
1286 2156074 451 113 122850 21.9
1287 2156197 71 19.1 122874 22.2
1288 2156347 209 35.6 122898 22.2
1289 2157899 88 21.0 123008 22.2
